a_35_1_0+2eby_A	a_35_1_0+2l8n_A	a_35_1_0+2pij_A	a_35_1_0+2xsd_C	a_35_1_0+3clc_A	a_35_1_0+3vk0_A	a_35_1_0+5woq_A	a_35_1_1+1au7_A	a_35_1_1+1e3o_C	a_35_1_13+2o38_A	a_35_1_2+1d1m_B	a_35_1_2+1lli_A	a_35_1_2+1neq_A	a_35_1_2+1rzs_A	a_35_1_2+1sq8_A	a_35_1_2+1zug_A	a_35_1_2+2a63_A	a_35_1_2+2r63_A	a_35_1_2+3jxb_C	a_35_1_2+3kz3_A	a_35_1_3+1b0n_A	a_35_1_3+1utx_A	a_35_1_3+1y7y_A	a_35_1_3+2b5a_A	a_35_1_3+2icp_A	a_35_1_3+2ofy_A	a_35_1_3+2ppx_A	a_35_1_3+4mct_A	a_35_1_5+1uxc_A	a_35_1_6+2ox6_A	a_35_1_7+1s7e_A	a_35_1_7+1yse_A
a_35_1_0+2eby_A	0	0.851	0.858	0.926	0.683	0.671	0.678	0.851	0.926	0.815	0.879	0.762	0.747	0.746	0.578	0.647	0.893	0.575	0.551	0.74	0.741	0.615	0.633	0.729	0.356	0.717	0.73	0.321	0.872	0.889	0.909	0.796
a_35_1_0+2l8n_A	0.852	0	0.865	0.889	0.739	0.763	0.736	0.845	0.846	0.803	0.836	0.776	0.779	0.792	0.686	0.721	0.882	0.706	0.678	0.748	0.798	0.671	0.704	0.732	0.817	0.748	0.72	0.834	0.572	0.891	0.927	0.819
a_35_1_0+2pij_A	0.852	0.859	0	0.879	0.818	0.82	0.806	0.876	0.872	0.884	0.315	0.84	0.839	0.737	0.76	0.767	0.364	0.755	0.757	0.811	0.845	0.782	0.776	0.811	0.826	0.808	0.786	0.826	0.836	0.91	0.915	0.789
a_35_1_0+2xsd_C	0.926	0.869	0.879	0	0.746	0.789	0.777	0.72	0.085	0.774	0.902	0.814	0.917	0.835	0.789	0.829	0.909	0.805	0.767	0.792	0.853	0.769	0.745	0.77	0.813	0.775	0.772	0.834	0.854	0.907	0.92	0.804
a_35_1_0+3clc_A	0.683	0.739	0.818	0.746	0	0.481	0.293	0.77	0.759	0.594	0.843	0.565	0.759	0.742	0.536	0.596	0.868	0.509	0.496	0.541	0.624	0.588	0.32	0.196	0.63	0.448	0.622	0.67	0.756	0.858	0.863	0.743
a_35_1_0+3vk0_A	0.671	0.763	0.82	0.789	0.481	0	0.503	0.806	0.804	0.693	0.861	0.613	0.697	0.736	0.466	0.552	0.88	0.494	0.446	0.609	0.632	0.508	0.415	0.438	0.633	0.561	0.661	0.708	0.81	0.874	0.9	0.761
a_35_1_0+5woq_A	0.678	0.736	0.818	0.777	0.293	0.503	0	0.807	0.792	0.695	0.857	0.52	0.728	0.721	0.451	0.533	0.859	0.486	0.394	0.499	0.629	0.501	0.312	0.282	0.606	0.453	0.787	0.649	0.775	0.848	0.886	0.764
a_35_1_1+1au7_A	0.851	0.845	0.886	0.72	0.77	0.806	0.807	0	0.732	0.792	0.907	0.829	0.897	0.839	0.81	0.831	0.913	0.823	0.785	0.803	0.877	0.788	0.796	0.816	0.825	0.831	0.79	0.847	0.864	0.914	0.93	0.806
a_35_1_1+1e3o_C	0.926	0.846	0.872	0.085	0.759	0.804	0.792	0.732	0	0.778	0.901	0.826	0.921	0.844	0.797	0.837	0.909	0.845	0.784	0.799	0.877	0.781	0.762	0.793	0.822	0.804	0.8	0.841	0.86	0.91	0.922	0.805
a_35_1_13+2o38_A	0.815	0.803	0.878	0.774	0.594	0.693	0.695	0.792	0.778	0	0.895	0.731	0.884	0.791	0.685	0.736	0.881	0.759	0.73	0.742	0.791	0.705	0.623	0.622	0.729	0.634	0.681	0.763	0.795	0.89	0.909	0.808
a_35_1_2+1d1m_B	0.875	0.836	0.315	0.902	0.843	0.861	0.857	0.907	0.901	0.895	0	0.89	0.866	0.776	0.812	0.825	0.375	0.793	0.815	0.879	0.883	0.806	0.83	0.849	0.854	0.842	0.773	0.86	0.864	0.929	0.935	0.846
a_35_1_2+1lli_A	0.762	0.776	0.84	0.814	0.565	0.613	0.52	0.829	0.826	0.731	0.89	0	0.695	0.735	0.584	0.618	0.879	0.61	0.517	0.158	0.714	0.524	0.437	0.51	0.69	0.614	0.78	0.747	0.806	0.863	0.913	0.796
a_35_1_2+1neq_A	0.747	0.779	0.839	0.917	0.783	0.697	0.728	0.897	0.921	0.884	0.866	0.695	0	0.716	0.634	0.647	0.863	0.645	0.614	0.682	0.759	0.623	0.667	0.717	0.747	0.769	0.84	0.766	0.816	0.916	0.912	0.9
a_35_1_2+1rzs_A	0.746	0.788	0.737	0.835	0.742	0.736	0.721	0.839	0.844	0.791	0.776	0.735	0.716	0	0.655	0.693	0.806	0.594	0.604	0.727	0.724	0.634	0.668	0.733	0.68	0.736	0.684	0.688	0.8	0.883	0.909	0.795
a_35_1_2+1sq8_A	0.578	0.686	0.76	0.789	0.536	0.466	0.451	0.81	0.797	0.685	0.812	0.584	0.634	0.655	0	0.251	0.817	0.175	0.181	0.565	0.551	0.368	0.367	0.457	0.507	0.508	0.59	0.572	0.714	0.805	0.868	0.781
a_35_1_2+1zug_A	0.647	0.721	0.767	0.829	0.596	0.552	0.533	0.831	0.837	0.736	0.825	0.618	0.647	0.693	0.251	0	0.845	0.313	0.28	0.603	0.584	0.458	0.442	0.555	0.579	0.577	0.669	0.599	0.75	0.844	0.895	0.797
a_35_1_2+2a63_A	0.893	0.872	0.364	0.909	0.868	0.88	0.859	0.913	0.909	0.881	0.375	0.879	0.88	0.806	0.817	0.845	0	0.802	0.822	0.857	0.893	0.831	0.834	0.851	0.876	0.847	0.814	0.864	0.855	0.935	0.942	0.851
a_35_1_2+2r63_A	0.575	0.706	0.755	0.805	0.509	0.494	0.486	0.804	0.845	0.759	0.793	0.609	0.645	0.594	0.175	0.313	0.802	0	0.311	0.683	0.549	0.411	0.404	0.471	0.488	0.525	0.657	0.568	0.737	0.827	0.884	0.69
a_35_1_2+3jxb_C	0.551	0.678	0.757	0.767	0.496	0.446	0.394	0.785	0.784	0.73	0.815	0.517	0.614	0.604	0.181	0.28	0.822	0.311	0	0.482	0.516	0.299	0.337	0.443	0.469	0.473	0.609	0.529	0.733	0.81	0.869	0.763
a_35_1_2+3kz3_A	0.74	0.748	0.811	0.792	0.541	0.609	0.499	0.803	0.799	0.742	0.879	0.158	0.682	0.749	0.565	0.603	0.857	0.683	0.482	0	0.707	0.501	0.429	0.558	0.684	0.582	0.854	0.736	0.771	0.857	0.902	0.788
a_35_1_3+1b0n_A	0.741	0.798	0.845	0.853	0.624	0.632	0.629	0.877	0.877	0.791	0.883	0.714	0.759	0.724	0.551	0.584	0.893	0.549	0.516	0.707	0	0.551	0.547	0.573	0.675	0.637	0.696	0.725	0.847	0.891	0.919	0.837
a_35_1_3+1utx_A	0.615	0.671	0.782	0.769	0.588	0.508	0.501	0.788	0.781	0.705	0.806	0.524	0.623	0.634	0.368	0.458	0.831	0.411	0.299	0.501	0.551	0	0.404	0.506	0.571	0.541	0.511	0.62	0.756	0.837	0.873	0.739
a_35_1_3+1y7y_A	0.633	0.704	0.776	0.745	0.32	0.415	0.312	0.788	0.762	0.623	0.83	0.437	0.667	0.668	0.367	0.442	0.834	0.404	0.337	0.429	0.547	0.404	0	0.201	0.541	0.394	0.56	0.599	0.739	0.822	0.873	0.763
a_35_1_3+2b5a_A	0.729	0.732	0.811	0.77	0.196	0.438	0.282	0.809	0.793	0.622	0.849	0.51	0.717	0.733	0.473	0.555	0.85	0.471	0.443	0.558	0.573	0.506	0.201	0	0.603	0.394	0.638	0.663	0.768	0.857	0.903	0.793
a_35_1_3+2icp_A	0.356	0.817	0.826	0.813	0.63	0.633	0.606	0.825	0.822	0.729	0.854	0.69	0.745	0.68	0.507	0.579	0.876	0.488	0.469	0.684	0.675	0.571	0.541	0.603	0	0.753	0.632	0.289	0.821	0.864	0.898	0.816
a_35_1_3+2ofy_A	0.717	0.748	0.818	0.775	0.448	0.561	0.453	0.831	0.804	0.634	0.842	0.614	0.769	0.736	0.508	0.577	0.847	0.525	0.473	0.58	0.637	0.541	0.394	0.394	0.753	0	0.703	0.727	0.773	0.875	0.901	0.802
a_35_1_3+2ppx_A	0.73	0.72	0.786	0.772	0.622	0.661	0.787	0.79	0.8	0.775	0.773	0.769	0.84	0.684	0.59	0.684	0.813	0.657	0.609	0.854	0.696	0.511	0.56	0.638	0.632	0.697	0	0.68	0.769	0.823	0.879	0.746
a_35_1_3+4mct_A	0.321	0.834	0.826	0.834	0.67	0.708	0.649	0.847	0.841	0.763	0.86	0.747	0.766	0.688	0.572	0.599	0.864	0.568	0.529	0.736	0.725	0.62	0.599	0.663	0.289	0.727	0.68	0	0.837	0.87	0.903	0.784
a_35_1_5+1uxc_A	0.872	0.572	0.87	0.854	0.756	0.806	0.775	0.864	0.86	0.795	0.864	0.806	0.814	0.8	0.714	0.75	0.899	0.737	0.733	0.771	0.847	0.756	0.739	0.761	0.823	0.773	0.799	0.837	0	0.9	0.917	0.828
a_35_1_6+2ox6_A	0.889	0.891	0.91	0.907	0.858	0.874	0.848	0.914	0.91	0.89	0.929	0.863	0.916	0.883	0.805	0.844	0.935	0.827	0.81	0.857	0.891	0.837	0.822	0.857	0.864	0.875	0.823	0.87	0.898	0	0.94	0.879
a_35_1_7+1s7e_A	0.909	0.923	0.915	0.92	0.863	0.9	0.886	0.925	0.922	0.905	0.935	0.919	0.912	0.909	0.868	0.895	0.942	0.884	0.869	0.901	0.919	0.873	0.873	0.903	0.898	0.901	0.876	0.903	0.917	0.94	0	0.862
a_35_1_7+1yse_A	0.796	0.819	0.789	0.804	0.743	0.761	0.764	0.806	0.805	0.808	0.846	0.796	0.9	0.795	0.781	0.797	0.851	0.69	0.763	0.788	0.837	0.739	0.769	0.793	0.816	0.802	0.746	0.784	0.828	0.879	0.862	0
