b_15_1_0+2xcm_C	b_15_1_0+3aab_A	b_15_1_0+3gla_A	b_15_1_0+3w1z_D	b_15_1_0+4yl9_A	b_15_1_0+5j7n_A	b_15_1_1+1gme_A	b_15_1_1+1shs_A	b_15_1_1+5ds2_A	b_15_1_2+1ejf_A	b_15_1_3+1rl1_A
b_15_1_0+2xcm_C	0	0.555	0.493	0.487	0.573	0.553	0.663	0.482	0.507	0.372	0.235
b_15_1_0+3aab_A	0.555	0	0.487	0.576	0.409	0.58	0.694	0.563	0.537	0.679	0.575
b_15_1_0+3gla_A	0.493	0.487	0	0.347	0.532	0.21	0.601	0.408	0.267	0.576	0.494
b_15_1_0+3w1z_D	0.487	0.576	0.347	0	0.589	0.425	0.547	0.437	0.316	0.587	0.509
b_15_1_0+4yl9_A	0.573	0.409	0.532	0.589	0	0.591	0.729	0.586	0.521	0.684	0.634
b_15_1_0+5j7n_A	0.553	0.58	0.21	0.425	0.591	0	0.603	0.523	0.322	0.627	0.558
b_15_1_1+1gme_A	0.663	0.694	0.601	0.547	0.727	0.603	0	0.592	0.531	0.729	0.674
b_15_1_1+1shs_A	0.482	0.573	0.408	0.423	0.577	0.523	0.592	0	0.407	0.623	0.577
b_15_1_1+5ds2_A	0.507	0.537	0.267	0.316	0.521	0.322	0.531	0.407	0	0.617	0.499
b_15_1_2+1ejf_A	0.372	0.679	0.576	0.587	0.684	0.627	0.729	0.623	0.617	0	0.417
b_15_1_3+1rl1_A	0.235	0.575	0.494	0.509	0.637	0.558	0.674	0.577	0.499	0.417	0
