a_39_2_0+2wc6_A	a_39_2_0+3k1e_A	a_39_2_0+3ogn_A	a_39_2_0+3q8i_A	a_39_2_0+3r72_A	a_39_2_0+4pt1_A	a_39_2_1+1c3y_A	a_39_2_1+1oof_A	a_39_2_1+1org_A	a_39_2_1+1qwv_A	a_39_2_1+1xfr_A	a_39_2_1+2kph_A	a_39_2_1+3d73_A
a_39_2_0+2wc6_A	0	0.722	0.71	0.708	0.712	0.717	0.777	0.676	0.659	0.757	0.469	0.715	0.646
a_39_2_0+3k1e_A	0.722	0	0.022	0.396	0.393	0.481	0.685	0.465	0.647	0.831	0.675	0.756	0.404
a_39_2_0+3ogn_A	0.71	0.022	0	0.409	0.4	0.461	0.687	0.459	0.621	0.854	0.666	0.769	0.374
a_39_2_0+3q8i_A	0.708	0.396	0.411	0	0.271	0.541	0.673	0.204	0.509	0.862	0.669	0.73	0.489
a_39_2_0+3r72_A	0.712	0.393	0.4	0.271	0	0.486	0.677	0.362	0.553	0.848	0.658	0.744	0.41
a_39_2_0+4pt1_A	0.717	0.481	0.461	0.541	0.486	0	0.726	0.6	0.672	0.902	0.679	0.783	0.552
a_39_2_1+1c3y_A	0.777	0.685	0.687	0.673	0.677	0.726	0	0.698	0.713	0.85	0.727	0.8	0.683
a_39_2_1+1oof_A	0.676	0.465	0.459	0.204	0.362	0.6	0.698	0	0.531	0.852	0.655	0.763	0.498
a_39_2_1+1org_A	0.659	0.655	0.629	0.509	0.553	0.672	0.713	0.532	0	0.787	0.572	0.721	0.573
a_39_2_1+1qwv_A	0.757	0.831	0.863	0.862	0.848	0.902	0.85	0.852	0.787	0	0.758	0.822	0.792
a_39_2_1+1xfr_A	0.469	0.675	0.666	0.669	0.658	0.686	0.727	0.655	0.572	0.758	0	0.667	0.654
a_39_2_1+2kph_A	0.715	0.756	0.769	0.73	0.744	0.783	0.8	0.756	0.721	0.816	0.657	0	0.721
a_39_2_1+3d73_A	0.646	0.404	0.374	0.489	0.41	0.552	0.683	0.505	0.573	0.792	0.654	0.716	0
