b_122_1_10+1zbo_A	b_122_1_10+2ane_A	b_122_1_11+2gmq_A	b_122_1_12+2zkd_A	b_122_1_12+4pw5_A	b_122_1_5+1wk2_A	b_122_1_6+1s04_A	b_122_1_6+1xne_A	b_122_1_6+2z0t_A	b_122_1_7+1te7_A	b_122_1_8+1wmm_A	b_122_1_8+1zce_A	b_122_1_8+2ar1_A
b_122_1_10+1zbo_A	0	0.679	0.888	0.937	0.931	0.886	0.907	0.923	0.91	0.894	0.906	0.862	0.879
b_122_1_10+2ane_A	0.679	0	0.848	0.897	0.884	0.745	0.827	0.852	0.829	0.816	0.838	0.754	0.784
b_122_1_11+2gmq_A	0.888	0.848	0	0.888	0.873	0.832	0.857	0.86	0.807	0.82	0.836	0.859	0.846
b_122_1_12+2zkd_A	0.937	0.897	0.888	0	0.189	0.914	0.922	0.921	0.908	0.894	0.906	0.904	0.913
b_122_1_12+4pw5_A	0.931	0.884	0.873	0.189	0	0.904	0.911	0.914	0.896	0.867	0.89	0.891	0.896
b_122_1_5+1wk2_A	0.886	0.745	0.832	0.914	0.904	0	0.804	0.78	0.767	0.753	0.796	0.787	0.784
b_122_1_6+1s04_A	0.907	0.827	0.857	0.922	0.911	0.799	0	0.455	0.289	0.744	0.83	0.824	0.809
b_122_1_6+1xne_A	0.923	0.852	0.86	0.921	0.914	0.78	0.455	0	0.429	0.775	0.841	0.835	0.827
b_122_1_6+2z0t_A	0.91	0.829	0.807	0.908	0.891	0.767	0.289	0.429	0	0.674	0.821	0.809	0.816
b_122_1_7+1te7_A	0.894	0.816	0.82	0.894	0.867	0.753	0.733	0.775	0.674	0	0.82	0.804	0.818
b_122_1_8+1wmm_A	0.903	0.838	0.836	0.906	0.89	0.796	0.83	0.841	0.821	0.82	0	0.618	0.649
b_122_1_8+1zce_A	0.862	0.754	0.858	0.904	0.891	0.777	0.824	0.835	0.801	0.804	0.618	0	0.315
b_122_1_8+2ar1_A	0.879	0.784	0.846	0.911	0.896	0.783	0.809	0.827	0.816	0.818	0.649	0.315	0
