d_122_1_0+4b6c_A	d_122_1_0+4bae_A	d_122_1_0+4em7_A	d_122_1_0+4hz0_A	d_122_1_0+4hz5_A	d_122_1_0+4p8o_A	d_122_1_0+4urm_A	d_122_1_0+4urn_A	d_122_1_0+5f3k_A	d_122_1_1+1bgq_A	d_122_1_1+1uym_A	d_122_1_1+1yt2_A	d_122_1_1+2esa_A	d_122_1_1+2xhx_A	d_122_1_1+3k60_A	d_122_1_1+4gqt_A	d_122_1_1+4x9l_A	d_122_1_1+4xc0_A	d_122_1_2+1s14_A	d_122_1_2+3g7e_A	d_122_1_3+1bxd_A	d_122_1_3+1id0_A	d_122_1_3+1r62_A	d_122_1_3+1tid_A	d_122_1_3+1ys3_A	d_122_1_3+2c2a_A
d_122_1_0+4b6c_A	0	0.277	0.306	0.363	0.32	0.301	0.364	0.303	0.709	0.771	0.758	0.761	0.75	0.769	0.73	0.74	0.731	0.745	0.235	0.354	0.868	0.863	0.846	0.86	0.846	0.907
d_122_1_0+4bae_A	0.277	0	0.167	0.261	0.158	0.142	0.18	0.164	0.699	0.747	0.74	0.752	0.716	0.742	0.702	0.721	0.712	0.718	0.278	0.26	0.87	0.878	0.898	0.865	0.857	0.912
d_122_1_0+4em7_A	0.306	0.167	0	0.219	0.153	0.173	0.208	0.182	0.721	0.748	0.747	0.765	0.742	0.758	0.727	0.732	0.732	0.732	0.261	0.297	0.867	0.825	0.905	0.872	0.862	0.903
d_122_1_0+4hz0_A	0.363	0.269	0.219	0	0.263	0.239	0.261	0.247	0.73	0.761	0.763	0.744	0.751	0.755	0.736	0.754	0.721	0.764	0.238	0.313	0.888	0.896	0.912	0.891	0.876	0.916
d_122_1_0+4hz5_A	0.311	0.158	0.153	0.263	0	0.149	0.183	0.154	0.71	0.75	0.746	0.75	0.741	0.746	0.72	0.742	0.713	0.729	0.293	0.268	0.882	0.819	0.9	0.866	0.845	0.9
d_122_1_0+4p8o_A	0.301	0.142	0.173	0.239	0.149	0	0.103	0.15	0.731	0.766	0.771	0.766	0.754	0.767	0.732	0.749	0.746	0.749	0.242	0.239	0.879	0.848	0.907	0.873	0.868	0.908
d_122_1_0+4urm_A	0.357	0.18	0.208	0.261	0.183	0.103	0	0.169	0.711	0.751	0.767	0.758	0.743	0.769	0.721	0.743	0.725	0.75	0.287	0.227	0.87	0.828	0.862	0.798	0.844	0.881
d_122_1_0+4urn_A	0.295	0.164	0.182	0.247	0.154	0.15	0.169	0	0.711	0.739	0.743	0.765	0.752	0.731	0.705	0.724	0.728	0.718	0.273	0.252	0.874	0.824	0.858	0.874	0.858	0.889
d_122_1_0+5f3k_A	0.709	0.699	0.721	0.73	0.71	0.731	0.711	0.716	0	0.61	0.605	0.582	0.603	0.6	0.584	0.591	0.585	0.591	0.703	0.745	0.884	0.878	0.886	0.89	0.852	0.909
d_122_1_1+1bgq_A	0.775	0.747	0.748	0.761	0.75	0.763	0.751	0.739	0.61	0	0.203	0.361	0.395	0.127	0.213	0.129	0.232	0.137	0.781	0.762	0.874	0.942	0.925	0.861	0.904	0.911
d_122_1_1+1uym_A	0.758	0.739	0.746	0.758	0.749	0.763	0.76	0.74	0.605	0.203	0	0.361	0.388	0.201	0.258	0.2	0.293	0.188	0.777	0.759	0.903	0.94	0.918	0.871	0.906	0.916
d_122_1_1+1yt2_A	0.759	0.75	0.761	0.742	0.75	0.766	0.758	0.757	0.582	0.361	0.373	0	0.277	0.394	0.34	0.397	0.377	0.365	0.761	0.766	0.886	0.944	0.914	0.87	0.904	0.913
d_122_1_1+2esa_A	0.75	0.716	0.742	0.752	0.742	0.749	0.739	0.754	0.603	0.395	0.405	0.271	0	0.403	0.363	0.414	0.418	0.399	0.754	0.754	0.913	0.947	0.925	0.864	0.898	0.912
d_122_1_1+2xhx_A	0.802	0.742	0.754	0.747	0.746	0.763	0.766	0.729	0.6	0.127	0.231	0.394	0.403	0	0.245	0.097	0.245	0.126	0.783	0.757	0.883	0.941	0.918	0.858	0.901	0.916
d_122_1_1+3k60_A	0.73	0.702	0.727	0.736	0.72	0.732	0.721	0.705	0.584	0.213	0.29	0.34	0.363	0.245	0	0.231	0.242	0.222	0.755	0.725	0.888	0.941	0.906	0.868	0.906	0.92
d_122_1_1+4gqt_A	0.74	0.721	0.732	0.75	0.742	0.749	0.743	0.724	0.591	0.129	0.229	0.397	0.414	0.097	0.231	0	0.259	0.103	0.769	0.745	0.887	0.937	0.916	0.853	0.875	0.913
d_122_1_1+4x9l_A	0.735	0.712	0.728	0.721	0.713	0.746	0.719	0.725	0.585	0.239	0.305	0.377	0.418	0.245	0.242	0.259	0	0.245	0.755	0.723	0.885	0.939	0.912	0.858	0.897	0.901
d_122_1_1+4xc0_A	0.745	0.718	0.728	0.764	0.729	0.749	0.745	0.718	0.591	0.137	0.215	0.365	0.399	0.126	0.222	0.103	0.245	0	0.765	0.75	0.885	0.938	0.903	0.854	0.902	0.915
d_122_1_2+1s14_A	0.226	0.278	0.261	0.238	0.293	0.242	0.287	0.273	0.708	0.781	0.776	0.763	0.754	0.783	0.755	0.768	0.76	0.766	0	0.357	0.876	0.883	0.892	0.866	0.863	0.929
d_122_1_2+3g7e_A	0.354	0.26	0.297	0.313	0.268	0.239	0.227	0.252	0.745	0.762	0.759	0.766	0.754	0.759	0.725	0.745	0.723	0.75	0.357	0	0.877	0.885	0.912	0.865	0.868	0.911
d_122_1_3+1bxd_A	0.868	0.87	0.867	0.888	0.879	0.879	0.87	0.88	0.884	0.874	0.903	0.886	0.91	0.883	0.888	0.887	0.885	0.885	0.876	0.877	0	0.631	0.663	0.806	0.548	0.746
d_122_1_3+1id0_A	0.863	0.87	0.825	0.899	0.819	0.848	0.828	0.824	0.878	0.942	0.94	0.944	0.947	0.941	0.941	0.937	0.939	0.938	0.883	0.882	0.631	0	0.533	0.75	0.407	0.615
d_122_1_3+1r62_A	0.846	0.898	0.905	0.912	0.9	0.907	0.862	0.858	0.886	0.925	0.954	0.914	0.925	0.921	0.906	0.916	0.912	0.903	0.892	0.912	0.663	0.533	0	0.786	0.497	0.665
d_122_1_3+1tid_A	0.86	0.865	0.87	0.891	0.866	0.877	0.798	0.874	0.87	0.861	0.871	0.87	0.864	0.858	0.868	0.853	0.858	0.854	0.866	0.865	0.806	0.75	0.786	0	0.75	0.832
d_122_1_3+1ys3_A	0.846	0.861	0.862	0.876	0.845	0.872	0.844	0.858	0.852	0.904	0.906	0.904	0.9	0.9	0.906	0.874	0.897	0.902	0.863	0.871	0.548	0.416	0.497	0.75	0	0.618
d_122_1_3+2c2a_A	0.907	0.896	0.903	0.916	0.9	0.908	0.881	0.889	0.909	0.91	0.916	0.913	0.912	0.916	0.92	0.912	0.901	0.914	0.929	0.917	0.746	0.615	0.665	0.832	0.624	0
